0000010000
1111222111
1110111010
0100010022
1221222000
1111110011
1111102200
0111010001
0010022122
0222001110
0010020102
0222001210
0010021012
0222011011
1010100000
2020221111
1000010110
2211220002
1100100100
0022222221
2001111111
1020111110
2101011102
1102001010
0010022022
0222000000
0010011111
2222201110
0111010102
1010020210
2022000112
0000012001
2111211022
1010000100
2022112221
1001001111
0222220110
0011101002
0201002200
0012200001
2211001122
1100220010
0020000222
0000110010
1112002222
0101000110
2202212002
1000111000
2212010211
1111121100
0111000021
0010211011
2221100000
0110021111
0002010110
1100120002
0022110100
1001000221
0222210011
1011112200
2001101001
1020002222
1100100110
0022222002
0001110000
1120102111
1011211010
2000000022
0011111000
1201110211
0110101100
2000200021
1010001011
0022122000
1001110011
0220102200
0001210001
2121012122
1101010110
0002020002
0100000100
2221112221
1110101111
1100200110
0020002002
0000100000
1112221111
1101110110
0000100002
0112221100
2001110021
1020102011
0101210100
2201010221
1012021011
0011011000
1200000211
0101110100
2200100221
1002220011