0000010000
0000111000
0001212100
0011010110
0122212221
2111111111
0011111112
2121111101
0100111221
2111210111
0010012212
2111111111
0011111112
2121111101
0100111221
2111210111
0010012212
2111111111
0011111112
2121111101
0100111221
2111210111
0010012212
2111111111
0011111112
2121111101
0100111221
2111210111
0010012212
2111111111
0011111112
2121111101
0100111221
2111210111
0010012212
2111111111
0011111112
2121111101
0100111221
2111210111
0010012212
2111111111
0011111112
2121111101
0100111221
2111210111
0010012212
2111111111
0011111112
2121111101
0100111221
2111210111
0010012212
2111111111
0011111112
2121111101
0100111221
2111210111
0010012212
2111111111
0011111112
2121111101
0100111221
2111210111
0010012212
2111111111
0011111112
2121111101
0100111221
2111210111
0010012212
2111111111
0011111112
2121111101
0100111221
2111210111
0010012212
2111111111
0011111112
2121111101
0100111221
2111210111
0010012212
2111111111
0011111112
2121111101
0100111221
2111210111
0010012212
2111111111
0011111112
2121111101
0100111221
2111210111
0010012212
2111111111
0011111112
2121111101
0100111221
2111210111