0000010000
2222111222
1111010110
2112212221
0001111111
1212111112
1010011101
2211121221
1101001111
1221112112
1110100001
1122112211
1011001102
1222112212
1111001111
1112112112
0100000001
2112222211
0001111102
2212111212
1110010011
1121111122
0000111010
2221212211
1111011102
0112221212
1201111011
0112112222
1200001110
1122212121
1011110101
2221122121
1110011101
1121121221
1000001111
2122212112
1111110001
1111121211
1111001002
0112111122
1200011010
1122122211
1011111102
1221111212
1110110011
1122221122
0011110010
2121121111
0100000112
1112221201
1101111111
1222111112
1111011101
1112221221
1101111111
1222111112
1111011101
1112221221
1101111111
1222111112
1111011101
1112221221
1101111111
1222111112
1111011101
1112221221
1101111111
1222111112
1111011101
1112221221
1101111111
1222111112
1111011101
1112221221
1101111111
1222111112
1111011101
1112221221
1101111111
1222111112
1111011101
1112221221
1101111111
1222111112
1111011101
1112221221
1101111111
1222111112
1111011101
1112221221
1101111111
1222111112
1111011101
1112221221
1101111111
1222111112
1111011101
1112221221
1101111111
1222111112