0000010000
0000111000
0001121100
0011000110
0111101111
1122111221
2011020112
0211212102
0200010221
2110112012
1011102222
2112120110
2000122111
2101211021
0212001222
0212112110
1210000011
0021000111
1122101121
2011211002
0210001111
2221011221
1112110112
0200011102
0110112121
1111100102
0222111121
2011022002
0211200111
2200211121
1011202002
2110201111
0012121221
1120101112
0022111202
1101020201
2111210121
0020021202
1111121201
2222001221
1110112112
0211100002
0202110011
2102011111
0221212221
2011011112
0211112202
0202201001
2100021111
0210120221
2221220012
1111101122
0222111010
1011021111
1111220221
2220100012
1102110122
0122011210
1210210021
0022221122
1101110010
1111211111
2220002221
1101010112
0111111102
2122222121
0111111102
2122222121
0111111102
2122222121
0111111102
2122222121
0111111102
2122222121
0111111102
2122222121
0111111102
2122222121
0111111102
2122222121
0111111102
2122222121
0111111102
2122222121
0111111102
2122222121
0111111102
2122222121
0111111102
2122222121
0111111102
2122222121
0111111102
2122222121
0111111102
2122222121
0111111102
2122222121
0111111102
2122222121