0000010000
0000222000
0001010100
0022121220
0101101101
1211111112
1002222202
2210111001
1121121222
0000001110
0000021212
1000121012
2202202122
1000002110
2200012012
1010222222
2122011110
2110212212
1012211112
2121102202
1100120001
2122221022
1111112200
1222201010
2111022122
1021201110
2221221212
1111111012
0222221122
0011110010
0212212222
0211111110
1202222212
1200111112
1212122202
1010111001
1121121222
0000001110
0000021212
1000121012
2202202122
1000002110
2200012012
1010222222
2122011110
2110212212
1012211112
2121102202
1100120001
2122221022
1111112200
1222201010
2111022122
1021201110
2221221212
1111111012
0222221122
0011110010
0212212222
0211111110
1202222212
1200111112
1212122202
1010111001
1121121222
0000001110
0000021212
1000121012
2202202122
1000002110
2200012012
1010222222
2122011110
2110212212
1012211112
2121102202
1100120001
2122221022
1111112200
1222201010
2111022122
1021201110
2221221212
1111111012
0222221122
0011110010
0212212222
0211111110
1202222212
1200111112
1212122202
1010111001
1121121222
0000001110
0000021212
1000121012
2202202122
1000002110
2200012012
1010222222