0000010000
2222000222
1111020111
0000000000
2222222222
1111111111
0000000000
2222222222
1111111111
0000000000
2222222222
1111111111
0000000000
2222222222
1111111111
0000000000
2222222222
1111111111
0000000000
2222222222
1111111111
0000000000
2222222222
1111111111
0000000000
2222222222
1111111111
0000000000
2222222222
1111111111
0000000000
2222222222
1111111111
0000000000
2222222222
1111111111
0000000000
2222222222
1111111111
0000000000
2222222222
1111111111
0000000000
2222222222
1111111111
0000000000
2222222222
1111111111
0000000000
2222222222
1111111111
0000000000
2222222222
1111111111
0000000000
2222222222
1111111111
0000000000
2222222222
1111111111
0000000000
2222222222
1111111111
0000000000
2222222222
1111111111
0000000000
2222222222
1111111111
0000000000
2222222222
1111111111
0000000000
2222222222
1111111111
0000000000
2222222222
1111111111
0000000000
2222222222
1111111111
0000000000
2222222222
1111111111
0000000000
2222222222
1111111111
0000000000
2222222222
1111111111
0000000000
2222222222
1111111111
0000000000
2222222222
1111111111
0000000000
2222222222
1111111111
0000000000