0000010000
0000111000
0001202100
0010010010
0111111111
2200000002
1120000022
1102000211
0202202012
1211112000
0110010200
1221110220
0111020112
0202020210
2212121001
1111110111
0000022202
2000211112
1202010010
0012011111
1100020002
1210222022
1100111111
0211200002
1011020022
0222022211
0111111112
0200000010
2220000111
1112001202
1010210012
0210001100
2001012210
2211201101
1111002221
0002121110
0020111021
1220202000
0111212200
1201111120
0002000102
2022201102
1111102202
1000201112
0102202010
1101112011
0222010022
1111011211
0002221112
2021111010
2101002211
1021121112
0001111010
0012002211
1100221112
1212111010
0111102211
2200201112
1122202010
2111112011
1100010022
1210111211
1102201112
1201102010
0002202011
1021112022
0001010111
1011212202
0221111112
1111000010
2002100111
0220011202
1112121012
1011110200
1220020220
0112221112
0211111010
2010002211
0011021112
2122001010
0111211211
2201111112
1102000010
2202200111
1111121202
1000111012
0101202200
1120011120
2102120102
1000100102
0101111102
0122000202
0011202212
2121011110
0110220021
2220112200
1110211120
2020010102
1122112102
1111111002