0000010000
2222111222
1111111111
1111111110
0111111101
0011111001
1101110111
1000100010
1121112111
1111111110
0111111101
0011111001
1101110111
1000100010
1121112111
1111111110
0111111101
0011111001
1101110111
1000100010
1121112111
1111111110
0111111101
0011111001
1101110111
1000100010
1121112111
1111111110
0111111101
0011111001
1101110111
1000100010
1121112111
1111111110
0111111101
0011111001
1101110111
1000100010
1121112111
1111111110
0111111101
0011111001
1101110111
1000100010
1121112111
1111111110
0111111101
0011111001
1101110111
1000100010
1121112111
1111111110
0111111101
0011111001
1101110111
1000100010
1121112111
1111111110
0111111101
0011111001
1101110111
1000100010
1121112111
1111111110
0111111101
0011111001
1101110111
1000100010
1121112111
1111111110
0111111101
0011111001
1101110111
1000100010
1121112111
1111111110
0111111101
0011111001
1101110111
1000100010
1121112111
1111111110
0111111101
0011111001
1101110111
1000100010
1121112111
1111111110
0111111101
0011111001
1101110111
1000100010
1121112111
1111111110
0111111101
0011111001
1101110111
1000100010
1121112111
1111111110