0000010000
0000222000
0000212000
0000010000
0000222000
0000212000
0000010000
0000222000
0000212000
0000010000
0000222000
0000212000
0000010000
0000222000
0000212000
0000010000
0000222000
0000212000
0000010000
0000222000
0000212000
0000010000
0000222000
0000212000
0000010000
0000222000
0000212000
0000010000
0000222000
0000212000
0000010000
0000222000
0000212000
0000010000
0000222000
0000212000
0000010000
0000222000
0000212000
0000010000
0000222000
0000212000
0000010000
0000222000
0000212000
0000010000
0000222000
0000212000
0000010000
0000222000
0000212000
0000010000
0000222000
0000212000
0000010000
0000222000
0000212000
0000010000
0000222000
0000212000
0000010000
0000222000
0000212000
0000010000
0000222000
0000212000
0000010000
0000222000
0000212000
0000010000
0000222000
0000212000
0000010000
0000222000
0000212000
0000010000
0000222000
0000212000
0000010000
0000222000
0000212000
0000010000
0000222000
0000212000
0000010000
0000222000
0000212000
0000010000
0000222000
0000212000
0000010000
0000222000
0000212000
0000010000
0000222000
0000212000
0000010000
0000222000
0000212000
0000010000