0000010000
0000222000
0000212000
0000111000
0002010200
0000121000
0002121200
0001121100
0020222020
0002212200
0002111200
0001212100
0021212120
0011212110
0202212202
2022111220
0221212120
0211212110
0122212202
1111111220
0111112120
2011122110
0101211202
1201222120
1111111110
0111111102
1011111010
2001110022
2020102022
2201210222
1211211212
1222222211
2111111120
1211111210
1221112212
1112121111
1122122110
0211111202
2121112120
1122122110
0211111202
2121112120
1122122110
0211111202
2121112120
1122122110
0211111202
2121112120
1122122110
0211111202
2121112120
1122122110
0211111202
2121112120
1122122110
0211111202
2121112120
1122122110
0211111202
2121112120
1122122110
0211111202
2121112120
1122122110
0211111202
2121112120
1122122110
0211111202
2121112120
1122122110
0211111202
2121112120
1122122110
0211111202
2121112120
1122122110
0211111202
2121112120
1122122110
0211111202
2121112120
1122122110
0211111202
2121112120
1122122110
0211111202
2121112120
1122122110
0211111202
2121112120
1122122110
0211111202
2121112120
1122122110
0211111202
2121112120
1122122110
0211111202
2121112120
1122122110