0000010000
0000222000
0000121000
0002111200
0001111100
0020111020
0001010100
0022020220
0011101110
0201000102
1012202210
2010111012
1120010011
1110222200
0101122100
2200100120
1102222110
0011220102
0201011210
0012001112
0211020111
1110101010
0100202022
1220010111
1010220010
2021110222
1111101121
1111000111
1110202010
0101010122
1202020101
1110101202
1100201110
0020010102
0000220210
0000111112
0002011111
2000101110
0002200102
0001102210
0020011012
0000200011
2000000200
0000000000
0000000000
0000000000
0000000000
0000000000
0000000000
0000000000
0000000000
0000000000
0000000000
0000000000
0000000000
0000000000
0000000000
0000000000
0000000000
0000000000
0000000000
0000000000
0000000000
0000000000
0000000000
0000000000
0000000000
0000000000
0000000000
0000000000
0000000000
0000000000
0000000000
0000000000
0000000000
0000000000
0000000000
0000000000
0000000000
0000000000
0000000000
0000000000
0000000000
0000000000
0000000000
0000000000
0000000000
0000000000
0000000000
0000000000
0000000000
0000000000
0000000000
0000000000
0000000000
0000000000
0000000000
0000000000
0000000000
0000000000