0000010000
0000222000
0000121000
0002212200
0001000100
0022202220
0012111210
0221121122
1101111101
2000222002
1000121000
2202212200
1111000100
0220202220
0111011210
2020001122
1100020101
2020002202
1100001110
0020020202
0000001010
0000022022
0000011111
2000202220
0000011210
0000201122
0000020101
2000002202
1000001110
2200020202
2100001010
2220022022
2210011111
0022202220
0012111210
0221121122
1101111101
2000222002
1000121000
2202212200
1111000100
0220202220
0111011210
2020001122
1100020101
2020002202
1100001110
0020020202
0000001010
0000022022
0000011111
2000202220
0000011210
0000201122
0000020101
2000002202
1000001110
2200020202
2100001010
2220022022
2210011111
0022202220
0012111210
0221121122
1101111101
2000222002
1000121000
2202212200
1111000100
0220202220
0111011210
2020001122
1100020101
2020002202
1100001110
0020020202
0000001010
0000022022
0000011111
2000202220
0000011210
0000201122
0000020101
2000002202
1000001110
2200020202
2100001010
2220022022
2210011111
0022202220
0012111210
0221121122
1101111101
2000222002
1000121000
2202212200
1111000100
0220202220
0111011210
2020001122