0000010000
1111222111
0002020201
2111212102
0202202001
0122221122
0002202202
1112222221
0020222200
1112222211
0020222021
2112222200
0220222211
0222222021
0222222200
1222222211
2022222021
0222222200
1222222211
2022222021
0222222200
1222222211
2022222021
0222222200
1222222211
2022222021
0222222200
1222222211
2022222021
0222222200
1222222211
2022222021
0222222200
1222222211
2022222021
0222222200
1222222211
2022222021
0222222200
1222222211
2022222021
0222222200
1222222211
2022222021
0222222200
1222222211
2022222021
0222222200
1222222211
2022222021
0222222200
1222222211
2022222021
0222222200
1222222211
2022222021
0222222200
1222222211
2022222021
0222222200
1222222211
2022222021
0222222200
1222222211
2022222021
0222222200
1222222211
2022222021
0222222200
1222222211
2022222021
0222222200
1222222211
2022222021
0222222200
1222222211
2022222021
0222222200
1222222211
2022222021
0222222200
1222222211
2022222021
0222222200
1222222211
2022222021
0222222200
1222222211
2022222021
0222222200
1222222211
2022222021
0222222200
1222222211
2022222021
0222222200
1222222211
2022222021
0222222200
1222222211