0000010000
0000222000
0001202100
0020020020
0111111111
1100000001
0120000022
0001000122
1022202002
0020221111
2112202001
2220221122
0022202202
1120222221
0202200000
1122210000
1200002000
0010011100
0222210120
1200001001
2010022222
2022120002
2220001011
0021022111
2100020201
2020112102
2210122001
0001002122
1022210002
0020002011
2111011011
2201111111
0201000001
0102200022
0202210122
2122001002
0002122211
2010000021
0022000100
0122102220
2000002021
0100011200
2220212010
2022000022
2222100122
0000022002
1000122111
1202000201
2021101102
2202111101
0220200112
2222112120
2000222001
0101202122
0210020002
2002111011
0110201111
1110101001
0011212222
1212200002
0200210011
0111002211
1101212021
0110200200
2110111110
0211100012
2020120200
1210002110
0202010212
2121020000
0020011000
0111211200
2102222010
0002002022
1011111222
0110002002
0112011111
1120010001
0201222022
2100002222
0020012002
1111200111
0002012101
2011002012
2011211000
1012221200
2100000010
0020000222
1111001202
2001220021
0120021100
2001102120
1121100001
0222120022
2200001122
0210021202
2002100021
0110020100
2112110220
0222210221