0000010000
0000222000
0000121000
0002111200
0001111100
0020111020
0001010100
0022020220
0011101110
0201000102
1012202210
2011111112
1101111111
1000111110
2202011102
2110101010
1100202022
1020010111
0100220010
2220110222
2211001121
1110220111
1101111010
0000110022
0002002011
2000000100
0000002220
0000001210
0000021112
0000011111
2000201110
0000010102
0000220210
0000111112
0002011111
2000101110
0002200102
0001102210
0020011112
0000201111
2000010110
0000220002
0000110000
0002002000
0000000000
0000000000
0000000000
0000000000
0000000000
0000000000
0000000000
0000000000
0000000000
0000000000
0000000000
0000000000
0000000000
0000000000
0000000000
0000000000
0000000000
0000000000
0000000000
0000000000
0000000000
0000000000
0000000000
0000000000
0000000000
0000000000
0000000000
0000000000
0000000000
0000000000
0000000000
0000000000
0000000000
0000000000
0000000000
0000000000
0000000000
0000000000
0000000000
0000000000
0000000000
0000000000
0000000000
0000000000
0000000000
0000000000
0000000000
0000000000
0000000000
0000000000
0000000000
0000000000
0000000000
0000000000
0000000000
0000000000