0000010000
1111222111
2222121222
2221121122
2212222212
2111222112
1222121222
1121121122
2222222212
2222222112
2222221222
2222211122
2222122212
2221112112
2212222222
2111222222
1222122222
1121112222
2222221222
2222211122
2222122212
2221112112
2212222222
2111222222
1222122222
1121112222
2222221222
2222211122
2222122212
2221112112
2212222222
2111222222
1222122222
1121112222
2222221222
2222211122
2222122212
2221112112
2212222222
2111222222
1222122222
1121112222
2222221222
2222211122
2222122212
2221112112
2212222222
2111222222
1222122222
1121112222
2222221222
2222211122
2222122212
2221112112
2212222222
2111222222
1222122222
1121112222
2222221222
2222211122
2222122212
2221112112
2212222222
2111222222
1222122222
1121112222
2222221222
2222211122
2222122212
2221112112
2212222222
2111222222
1222122222
1121112222
2222221222
2222211122
2222122212
2221112112
2212222222
2111222222
1222122222
1121112222
2222221222
2222211122
2222122212
2221112112
2212222222
2111222222
1222122222
1121112222
2222221222
2222211122
2222122212
2221112112
2212222222
2111222222
1222122222
1121112222
2222221222
2222211122