0000010000
0000222000
0002020200
0022020220
0200020002
0220222022
0000020000
0000222000
0002020200
0022020220
0200020002
0220222022
0000020000
0000222000
0002020200
0022020220
0200020002
0220222022
0000020000
0000222000
0002020200
0022020220
0200020002
0220222022
0000020000
0000222000
0002020200
0022020220
0200020002
0220222022
0000020000
0000222000
0002020200
0022020220
0200020002
0220222022
0000020000
0000222000
0002020200
0022020220
0200020002
0220222022
0000020000
0000222000
0002020200
0022020220
0200020002
0220222022
0000020000
0000222000
0002020200
0022020220
0200020002
0220222022
0000020000
0000222000
0002020200
0022020220
0200020002
0220222022
0000020000
0000222000
0002020200
0022020220
0200020002
0220222022
0000020000
0000222000
0002020200
0022020220
0200020002
0220222022
0000020000
0000222000
0002020200
0022020220
0200020002
0220222022
0000020000
0000222000
0002020200
0022020220
0200020002
0220222022
0000020000
0000222000
0002020200
0022020220
0200020002
0220222022
0000020000
0000222000
0002020200
0022020220
0200020002
0220222022
0000020000
0000222000
0002020200
0022020220