0000010000
2222111222
2222101221
2222020220
1221121112
2221111010
1221002211
1220121212
2210012120
1201101202
2002220012
1221212100
0222121012
1122210200
2122200222
2222122121
2222222210
1222222201
1222222101
1222222021
1222221100
0222221212
1122222120
2122222202
2222222112
2222222110
1222222121
1222222210
0222222201
0122222101
2022222021
0112221100
1212221212
2122222120
0222222202
1122222112
1122222110
2122222121
1222222210
0222222201
0122222101
2022222021
0112221100
1212221212
2122222120
0222222202
1122222112
1122222110
2122222121
1222222210
0222222201
0122222101
2022222021
0112221100
1212221212
2122222120
0222222202
1122222112
1122222110
2122222121
1222222210
0222222201
0122222101
2022222021
0112221100
1212221212
2122222120
0222222202
1122222112
1122222110
2122222121
1222222210
0222222201
0122222101
2022222021
0112221100
1212221212
2122222120
0222222202
1122222112
1122222110
2122222121
1222222210
0222222201
0122222101
2022222021
0112221100
1212221212
2122222120
0222222202
1122222112
1122222110
2122222121
1222222210
0222222201
0122222101
2022222021
0112221100
1212221212
2122222120