0000010000
0000222000
0002121200
0020212020
0221020122
1120020021
0102222200
2201222120
1100222202
1222122112
2222222110
1222222122
2222222221
2222222220
1222222212
2222222220
1222222212
2222222220
1222222212
2222222220
1222222212
2222222220
1222222212
2222222220
1222222212
2222222220
1222222212
2222222220
1222222212
2222222220
1222222212
2222222220
1222222212
2222222220
1222222212
2222222220
1222222212
2222222220
1222222212
2222222220
1222222212
2222222220
1222222212
2222222220
1222222212
2222222220
1222222212
2222222220
1222222212
2222222220
1222222212
2222222220
1222222212
2222222220
1222222212
2222222220
1222222212
2222222220
1222222212
2222222220
1222222212
2222222220
1222222212
2222222220
1222222212
2222222220
1222222212
2222222220
1222222212
2222222220
1222222212
2222222220
1222222212
2222222220
1222222212
2222222220
1222222212
2222222220
1222222212
2222222220
1222222212
2222222220
1222222212
2222222220
1222222212
2222222220
1222222212
2222222220
1222222212
2222222220
1222222212
2222222220
1222222212
2222222220
1222222212
2222222220
1222222212
2222222220
1222222212
2222222220