0000010000
2222000222
0001121101
0201111110
1101000010
1110022000
1010111122
0101100121
1011100010
0110102000
0111001122
0101001121
1010001110
0100201010
0001100100
2201100002
0101102211
1011101211
1110110111
0011111101
0010000110
2000220110
1121110110
1111011110
1001110010
0001010000
2200100222
0110001101
1110201110
1010101010
0101010100
0010101002
1001010011
1000100011
1020002011
1011211011
1111111111
0000000001
0222222200
1100000112
1102220110
1101010110
1110101110
1011011010
0111111100
0100000102
0002220001
0211011200
1011111012
0110001100
0110201102
0110101101
1111011110
1001110010
0001010000
2200100222
0110001101
1110201110
1010101010
0101010100
0010101002
1001010011
1000100011
1020002011
1011211011
1111111111
0000000001
0222222200
1100000112
1102220110
1101010110
1110101110
1011011010
0111111100
0100000102
0002220001
0211011200
1011111012
0110001100
0110201102
0110101101
1111011110
1001110010
0001010000
2200100222
0110001101
1110201110
1010101010
0101010100
0010101002
1001010011
1000100011
1020002011
1011211011
1111111111
0000000001
0222222200
1100000112
1102220110
1101010110