0000010000
1111222111
0001202101
2120010012
2201222200
1100200111
0121112101
1011011012
0111111100
2100000121
1021112010
2001010022
1122122111
0122222101
1020002012
0011111000
1210001211
1102120111
0100200101
1221112212
2221012220
1020102011
1010201011
1120102111
0100200101
1221112212
2221012220
1020102011
1010201011
1120102111
0100200101
1221112212
2221012220
1020102011
1010201011
1120102111
0100200101
1221112212
2221012220
1020102011
1010201011
1120102111
0100200101
1221112212
2221012220
1020102011
1010201011
1120102111
0100200101
1221112212
2221012220
1020102011
1010201011
1120102111
0100200101
1221112212
2221012220
1020102011
1010201011
1120102111
0100200101
1221112212
2221012220
1020102011
1010201011
1120102111
0100200101
1221112212
2221012220
1020102011
1010201011
1120102111
0100200101
1221112212
2221012220
1020102011
1010201011
1120102111
0100200101
1221112212
2221012220
1020102011
1010201011
1120102111
0100200101
1221112212
2221012220
1020102011
1010201011
1120102111
0100200101
1221112212
2221012220
1020102011
1010201011
1120102111
0100200101
1221112212
2221012220
1020102011