0000010000
0000222000
0000101000
0002202200
0001111100
0020111020
0001010100
0022020220
0011101110
0201000102
1012202210
2012111212
1111111121
1111111111
1111111110
0111111102
1011111010
2001110022
1020102011
0101210100
2201110220
1110101110
0100200102
1220002210
1210001212
2112021121
1111111111
1111111110
0111111102
1011111010
2001110022
1020102011
0101210100
2201110220
1110101110
0100200102
1220002210
1210001212
2112021121
1111111111
1111111110
0111111102
1011111010
2001110022
1020102011
0101210100
2201110220
1110101110
0100200102
1220002210
1210001212
2112021121
1111111111
1111111110
0111111102
1011111010
2001110022
1020102011
0101210100
2201110220
1110101110
0100200102
1220002210
1210001212
2112021121
1111111111
1111111110
0111111102
1011111010
2001110022
1020102011
0101210100
2201110220
1110101110
0100200102
1220002210
1210001212
2112021121
1111111111
1111111110
0111111102
1011111010
2001110022
1020102011
0101210100
2201110220
1110101110
0100200102
1220002210
1210001212
2112021121
1111111111
1111111110
0111111102
1011111010
2001110022
1020102011
0101210100
2201110220
1110101110