0000010000
1111222111
1112202212
2122222221
2220000021
2022111211
1222212222
2200222002
0222202222
2200222002
0222202222
2200222002
0222202222
2200222002
0222202222
2200222002
0222202222
2200222002
0222202222
2200222002
0222202222
2200222002
0222202222
2200222002
0222202222
2200222002
0222202222
2200222002
0222202222
2200222002
0222202222
2200222002
0222202222
2200222002
0222202222
2200222002
0222202222
2200222002
0222202222
2200222002
0222202222
2200222002
0222202222
2200222002
0222202222
2200222002
0222202222
2200222002
0222202222
2200222002
0222202222
2200222002
0222202222
2200222002
0222202222
2200222002
0222202222
2200222002
0222202222
2200222002
0222202222
2200222002
0222202222
2200222002
0222202222
2200222002
0222202222
2200222002
0222202222
2200222002
0222202222
2200222002
0222202222
2200222002
0222202222
2200222002
0222202222
2200222002
0222202222
2200222002
0222202222
2200222002
0222202222
2200222002
0222202222
2200222002
0222202222
2200222002
0222202222
2200222002
0222202222
2200222002
0222202222
2200222002
0222202222
2200222002
0222202222
2200222002
0222202222
2200222002