0000010000
0000111000
0001212100
0011000110
0122101221
2100121001
0111101111
2211222112
1000010001
2100111011
0111212222
1210000110
1011001221
2222111001
0110012111
2221110012
1100121111
1211100112
0001211201
1011000111
2222101212
1110121001
1122101111
1000122112
1101100001
1222210011
0011011122
2122221000
1001101100
1112222210
2100111011
0111212222
1210000110
1011001221
2222111001
0110012111
2221110012
1100121111
1211100112
0001211201
1011000111
2222101212
1110121001
1122101111
1000122112
1101100001
1222210011
0011011122
2122221000
1001101100
1112222210
2100111011
0111212222
1210000110
1011001221
2222111001
0110012111
2221110012
1100121111
1211100112
0001211201
1011000111
2222101212
1110121001
1122101111
1000122112
1101100001
1222210011
0011011122
2122221000
1001101100
1112222210
2100111011
0111212222
1210000110
1011001221
2222111001
0110012111
2221110012
1100121111
1211100112
0001211201
1011000111
2222101212
1110121001
1122101111
1000122112
1101100001
1222210011
0011011122
2122221000
1001101100
1112222210
2100111011
0111212222
1210000110
1011001221
2222111001
0110012111
2221110012