0000010000
0000222000
0000111000
0002010200
0000121000
0002111200
0001111100
0020111020
0001010100
0022020220
0011101110
0201000102
1012202210
2010111012
1120010011
1110222200
0101111100
2200111020
1102010100
0010120220
0220111110
0111011102
1010001010
2022022022
1111111111
1111111110
0111111102
1011111010
2001110022
1020102011
0101210100
2201110220
1110101110
0100200102
1220002210
1010001012
1022022011
0111111100
2011111020
0101110100
2200100220
1102220110
0011111002
0201110200
0010101000
0220202200
0111011100
2010001020
0122022100
2101110120
1100100110
0022222002
0011111000
0201110200
0010101000
0220202200
0111011100
2010001020
0122022100
2101110120
1100100110
0022222002
0011111000
0201110200
0010101000
0220202200
0111011100
2010001020
0122022100
2101110120
1100100110
0022222002
0011111000
0201110200
0010101000
0220202200
0111011100
2010001020
0122022100
2101110120
1100100110
0022222002
0011111000
0201110200
0010101000
0220202200
0111011100
2010001020
0122022100
2101110120
1100100110
0022222002
0011111000
0201110200
0010101000
0220202200
0111011100
2010001020
0122022100
2101110120