0000010000
0000222000
0000111000
0002020200
0000101000
0002202200
0001111100
0020222020
0001111100
0020222020
0001111100
0020222020
0001111100
0020222020
0001111100
0020222020
0001111100
0020222020
0001111100
0020222020
0001111100
0020222020
0001111100
0020222020
0001111100
0020222020
0001111100
0020222020
0001111100
0020222020
0001111100
0020222020
0001111100
0020222020
0001111100
0020222020
0001111100
0020222020
0001111100
0020222020
0001111100
0020222020
0001111100
0020222020
0001111100
0020222020
0001111100
0020222020
0001111100
0020222020
0001111100
0020222020
0001111100
0020222020
0001111100
0020222020
0001111100
0020222020
0001111100
0020222020
0001111100
0020222020
0001111100
0020222020
0001111100
0020222020
0001111100
0020222020
0001111100
0020222020
0001111100
0020222020
0001111100
0020222020
0001111100
0020222020
0001111100
0020222020
0001111100
0020222020
0001111100
0020222020
0001111100
0020222020
0001111100
0020222020
0001111100
0020222020
0001111100
0020222020
0001111100
0020222020
0001111100
0020222020
0001111100
0020222020
0001111100
0020222020
0001111100
0020222020