0000010000
0000111000
0001202100
0010020010
0111222111
2202010202
1222010222
0012010212
2100010000
0010111000
0112202100
1220220010
0022222111
1221110202
0002020222
2022222212
2221111000
2102002100
0002220010
0022122111
1220000202
0022002222
2222222112
1111110220
2000020222
2200222212
1222211000
0011022100
0122020010
1002222111
2122110202
0000220222
2002222212
2222111000
2110202100
0220220010
2222222111
0111110202
0200020222
2220222212
1122211000
2201022100
2201020010
2201022111
0201020202
2201022222
1201021112
0001002020
0011122222
2120201112
0002202020
0022222222
2221111112
1102000020
2202200222
1222222212
0011111000
0120002100
1002020010
1122222111
0201110202
2202020222
1222222212
0011111000
0120002100
1002020010
1122222111
0201110202
2202020222
1222222212
0011111000
0120002100
1002020010
1122222111
0201110202
2202020222
1222222212
0011111000
0120002100
1002020010
1122222111
0201110202
2202020222
1222222212
0011111000
0120002100
1002020010
1122222111
0201110202
2202020222
1222222212
0011111000
0120002100
1002020010
1122222111
0201110202
2202020222
1222222212
0011111000
0120002100