0000010000
0000111000
0001202100
0010000010
0111000111
2202101202
1000020002
0100222022
0112010000
1200011000
0020122100
0220011010
2002122211
0220111102
0000200202
2002222202
0220111002
0000202122
2002200110
2220021221
1102201110
2200002021
1020022000
1022200200
1001022220
1111001102
0002112202
2020001002
0022011122
2200020010
0020222111
1220011002
1102122122
0200111110
2221200021
1111020200
2002020220
2222020002
1110022022
0021200000
0201020000
2201022000
0001000200
0011102220
0120200102
0000221102
2002010202
0222010202
0010010202
2111110202
1000020202
0100220202
0112000202
0200202202
0222200002
0011020022
2122022200
0110001020
1221011022
1110222000
2020010200
2022110220
2001020002
0211022022
0002000000
0022200000
0201020000
2201022000
0001000200
0011102220
0120200102
0000221102
2002010202
0222010202
0010010202
2111110202
1000020202
0100220202
0112000202
0200202202
0222200002
0011020022
2122022200
0110001020
1221011022
1110222000
2020010200
2022110220
2001020002
0211022022
0002000000
0022200000
0201020000
2201022000
0001000200
0011102220
0120200102
0000221102
2002010202
0222010202