000000000000000000000000000000200000000000000000000000000000
000000000000000000000000000002220000000000000000000000000000
000000000000000000000000000020102000000000000000000000000000
000000000000000000000000000221112200000000000000000000000000
000000000000000000000000002000100020000000000000000000000000
000000000000000000000000022201110222000000000000000000000000
000000000000000000000000201012121010200000000000000000000000
000000000000000000000002211210001211220000000000000000000000
000000000000000000000020000011011000002000000000000000000000
000000000000000000000222000122222100022200000000000000000000
000000000000000000002010201101110110201020000000000000000000
000000000000000000022111212222122221211122000000000000000000
000000000000000000200010000110001100001000200000000000000000
000000000000000002220111001221012210011102220000000000000000
000000000000000020101212111001210011121210102000000000000000
000000000000000221121000012111011121000012112200000000000000
000000000000002000001100110012221001100110000020000000000000
000000000000022200012211221110101112211221000222000000000000
000000000000201020110000000122122100000001102010200000000000
000000000002211121221000001100000110000012212111220000000000
000000000020001000001100012210001221000110000010002000000000
000000000222011100012210110011011001101221000111022200000000
000000002010121210110012221122222112221001101212101020000000
000000022112100012221110100001110000101112221000121122000000
000000200000110110100122110012121001122100101101100000200000
000002220001222222111100021110001112000111122222210002220000
000020102011011110011210210121012101201211001111011020102000
000221112122221121120011112101210121111002112112222121112200
002000100001100000012121100121012100112121000000110000100020
022201110012210000110000211101210111200001100001221001110222
201012121110011001221002101221012210120012210011001112121010
211210000121122111001121121001210012112110011122112100001211
100011001100000012112000001111011110000021121000000110011002
110122112210000110001200012112221121000210001100001221122122
222100000011001221011120110000100001102111012210011000000000
010110000122111001221011221001110012211012210011122100000000
112221001100012111001220001112121110002210011121000110000000
200101112210110012111002012100000121020011121001101221000000
221122100012221110012122110110001101122121001112221001100000
000000110110100121110000022221012222000001112100101112210000
000001222222111100121000201101210110200012100111122100011000
000011011110011211101102212221012221220110111211000110122100
000122221121120001222210000101210100001222210002101222100110
001101100000012011011011001121012110011011011021121010111221
012222210000111122222222112001210021122222222110001212210001
110111011001211001111110001211011210001111110021011000011011
222212222111002112111121011002220011012111121211222100122222
011000110012121000011001222120102122210011000000010111101110
122101221110001100122111010011111001011122100000112211222121
100121000121012211100012211121112111221000110001200000010001
111101101101210001210110001000100010001101221011120000111011
211222222221011011012221011101110111012221001221012001212222
100011111101222222210101221222122212210101111001211211000110
110121111221011111012121000010001000012122112111000002101221
222100110001221112210001100111011100110000000012100021121001
010111221011000100011012211212221211221000000110110210001111
112210001222101110122210000000100000001100001222221111012112
200011011010122122101011000001110000012210011011100112210001
220122222212100000121222100012121000110011122221211200011011
001101111000110001100010110110001101221121001100000120122222